94 96 91 86 x 96 93 86 94 96 91 86 93 94 86 84 96 93 86 94 96 91 86 93 94 86 84 96 93
41 41 41 41 41 41 41 41 41 41 41 41 41 41 41 41 41 41 41 41 41 41 41 41 41 41 41 41 41 41 41 41
53 55 50 45 52 53 45 43 55 52 45 53 55 50 45 52 53
53 55 50 45 52 53 45 43 53 55 50 45 52 53 45 43
00 00 00 00 00 00 00 00 02


0x43 45 53 52 45 50 55 53

53 55 50 45 52 53 45 43


95 97 92 87 94 95 87 85 97 94 87 95 97 92 87 94 95 87 85 97 94 87 95 97 92 87 94 95 87 85 97 94
42 42 42 42 42 42 42 42 42 42 42 42 42 42 42 42 42 42 42 42 42 42 42 42 42 42 42 42 42 42 42 42
53 55 50 45 52 53 45 43 55 52 45 53 55 50 45 52 53 45 43

94 97 93 89 93 95 88 87 96 94 88 97
41 42 43 44 41 42 43 44 41 42 43 44
5355504552534543

9496918693948684 9693869496918693 9486849693869496 9186939486849693 8694969186939486 8496938694969186 9394868496938694969186939486849693869496918693948684969386949691869394868496938694969186939486849693869496918693948684969386949691869394868496938694969186939486849693869496918693948684969386949691869394868496938694969186939486849693869496918693948684969386949691869394868496938694969186939486849693869496918693948684969386949691869394868496938694969186939486849693869496918693948684969386949691869394868496938694969186939486849693869496918693948684969386949691869394868496938694969186939486849693869496918693948684969386949691869394868496938694
4141414141414141 4141414141414141 4141414141414141 4141414141414141 4141414141414141 4141414141414141 4141414141414141414141414141414141414141414141414141414141414141414141414141414141414141414141414141414141414141414141414141414141414141414141414141414141414141414141414141414141414141414141414141414141414141414141414141414141414141414141414141414141414141414141414141414141414141414141414141414141414141414141414141414141414141414141414141414141414141414141414141414141414141414141414141414141414141414141414141414141414141414141414141414141414141414141414141414141414141414141414141414141414141414141414141414141414141414141414141414141414141
5355504552534543 5355504552534543 5355504552534543 5355504552534543 5355504552534543 5355504552534543 5355504552534543
5355504552534543 5552455355504552 5345435552455355 5045525345435552 4553555045525345
0000000000000000 01FCF50E02FD000F FFEFF30FFFF20E12 FCF0020DF2F0100F F1FE050AF2FF0E02